10432
516
8242
2672
7597
12260
8775
1325
5208
26154
32081
30763
6637
20796
25646
3512
19870
7749
4991
15468
8152
9412
11582
27582
4022
10600
7922
14213
30909
10612
26220
8573
11129
1695
11245
18726
13955
20021
20052
19164
13407
19365
17159
20044
7394
10037
23556
27264
17786
28547
9965
25938
5192
21547
20753
9214
32147
28675
23427
30288
6519
16880
6093
17648
18575
17339
3607
32530
4592
23659
18926
17999
10256
3317
5275
17650
13355
28832
12147
31141
24611
22112
24312
29803
10891
12297
6249
10271
8204
29677
7791
14723
13789
13885
32372
32364
31224
3211
32126
3048
26870
18285
21047
4358
21602
26322
22009
2189
22386
1388
563
14230
23500
24875
11265
1623
4404
17515
11894
12608
14424
19686
27331
28213
803
26935
27809
32027
30146
27167
2307
24248
12684
23354
28607
1519
16908
17848
3708
6527
19236
4271
20757
9968
29146
32022
11591
782
16769
23486
13390
31193
10404
7954
26638
11207
2121
21679
10466
32268
16079
12773
23748
28763
3359
19587
30282
20267
4667
1223
26794
23903
5494
14783
1103
1873
14038
12695
2655
30807
3413
16046
29233
13817
24000
23103
25024
26121
12015
2722
25621
28094
15495
16602
24089
18854
3421
21604
6353
8089
